1331
2250
3027
3051
3116
3448
3471
3715
3759
3846
4172
5055
5914
6312
6551
6708
7449
7544
7901
8231
8809
8826
10359
10544
11722
12077
12808
13089
13107
13684
14563
14622
15458
16908
16912
17120
17586
18057
18200
18719
19472
20112
21328
21366
22786
23022
23145
23422
24402
25345
25521
26204
26471
26784
27167
27275
27465
28412
28954
30677
30879
30883
31289
31333
31416
31499
31574
31619
31969
32536
32578
32581
32880
33320
33686
34177
34763
37184
37706
37852
38414
38752
40433
40468
40927
41060
43009
43676
44700
45155
45379
45484
46212
46490
47149
47742
47927
47959
48361
48420
48424
48630
48735
48748
48765
49081
49756
50526
50774
50976
51134
51821
51874
52328
52632
53467
53810
53894
54081
54148
54845
55505
55748
57426
57813
57838
58229
58732
59086
59192
60789
61001
61022
61203
61589
62019
62056
62279
62638
63030
65492
65556
66715
66959
67005
67042
67501
67829
68294
69715
69720
70919
71870
72084
72142
73461
73706
74322
74968
76359
78788
78852
79187
79605
80397
80473
81879
82335
82959
84011
84248
85241
86670
86964
87294
87457
87887
88362
88390
88661
88697
89640
90318
91153
93386
94433
94668
94919
94995
95379
95607
96281
97019
97202
97342
98593
99061
99716
99891
99959